1
0
6
4970,Loose Screws,Western Albemarle High School,Crozet,VA,USA
6124,Geek Gods,Western Albemarle High School,Crozet,VA,USA
7953,Vertigo,Albemarle High School,Charlottesville,VA,USA
7955,Nyx,Albemarle High School,Charlottesville,VA,USA
9064,Nerds of the North,Albemarle High School,Charlottesville,VA,USA
9202,Her Majesty's Engineers,Western Albemarle High School,Crozet,VA,USA
1,9064,Nerds of the North,8,623,192,5
2,7953,Vertigo,6,586,174,5
3,6124,Geek Gods,6,564,173,5
4,9202,Her Majesty's Engineers,4,493,192,4
5,7955,Nyx,4,458,178,4
6,4970,Loose Screws,0,532,151,5
10
Q-1,111-137 B,7953,4970,0,7955,6124,0,111.0,0.0,0.0,101.0,0.0,10.0,137.0,0.0,0.0,127.0,0.0,10.0
Q-2,173-174 B,9202,6124,0,9064,7953,0,173.0,0.0,0.0,143.0,0.0,30.0,174.0,0.0,0.0,154.0,0.0,20.0
Q-3,178-151 R,7955,9064,0,9202,4970,0,178.0,0.0,0.0,158.0,0.0,20.0,151.0,0.0,0.0,121.0,0.0,30.0
Q-4,122-155 B,7955,4970,0,6124,9064,0,122.0,0.0,0.0,102.0,0.0,20.0,155.0,0.0,0.0,145.0,0.0,10.0
Q-5,174-192 B,7953,7955,0,9202,9064,0,174.0,0.0,0.0,134.0,0.0,40.0,192.0,0.0,0.0,172.0,0.0,20.0
Q-6,156-125 R,9202,7953,0,4970,6124,0,156.0,0.0,0.0,156.0,0.0, 0.0,125.0,0.0,0.0,95.0,0.0,30.0
Q-7,146-133 R,6124,7953,0,4970,9064,0,146.0,0.0,0.0,126.0,0.0,20.0,133.0,0.0,0.0,123.0,0.0,10.0
Q-8, ,9202,4970,0,7955,7953,0,-1.0,-1.0,-1.0,-1.0,-1.0,-1.0,-1.0,-1.0,-1.0,-1.0,-1.0,-1.0
Q-9, ,6124,9064,0,7955,9202,0,-1.0,-1.0,-1.0,-1.0,-1.0,-1.0,-1.0,-1.0,-1.0,-1.0,-1.0,-1.0
SF-1-1, ,6124,9064,7953,7955,9202,4970,-1.0,-1.0,-1.0,-1.0,-1.0,-1.0,-1.0,-1.0,-1.0,-1.0,-1.0,-1.0